8731025633
4786508578
6119152690
8729379563
8729379563
8729379563
2224935358
41951102
6328558557
6606715976
8327641864
8934557872
8732070184
461829709
6202786129
5678658618
8247707075
4706888604
4777067644
3305041983
5488783118
8310893287
7019219327
5396356541
8003934947
382910567
6395270932
4338971271
4714144968
8185984586
6171443470
2035620099
4859475040
8522630655
8019211504
7553903423
8019211504
8019211504
8019211504
6459630373
8019211504
8019211504
8019211504
8019211504
8062925125
8161370824
5653968725
5666571302
3920015529
5634726877
7134498161
6548723076
3631058120
2283498515
7709748422
5748854473
8327641864
1599761258
4188845606
7153674249
7359490794
8057690262
8892021551
1743918912
8910149621
9032141193
7893158444
7890942698
7343418042
8913892754
7548497834
4462590345
3025920286
6111324856
4432135169
6661784375
4295328453
1992004062
4234513463
3626410259
404813905
4483260848
3478470903
8958404387
3122746307
4056232557
7563919374
8405345712
8135726160
1162313378
8639403695
8639403695
8639403695
7192519804
2117083195
7238347905
8639403695
8612079402
7579469774
282222473
8211417981
8200673620
9009380467
6549185892
6296024114
6294851333
6294851333
4044810323
4044810323
3953385809
3953385809
7543267714
4815132704
4815132704
4815132704
4836896354
4836896354
4630891910
6323557986
7372849346
4216884299
3153903883
2224935358
2224935358
7521235853
6395270932
7848556010
344038076
8019211504
8019211504
8019211504
8019211504
8019211504
8019211504
8019211504
8019211504
8274041703
7322300322
8019216675
8019216675
3073157904
5520275485
5520275485
3073157904
3073157904
3073157904
6296024114
5667270472
8019216675
316045903
8019216675
8019216675
8019216675
474913637
6065713511
7337851431
7337851431
8502138027
8987164621
2184627267
6306101825
7137159649
6179091659
8528778349
6720603137
2282147504
4651767055
8353759796
8354360170
5626479348
8992380565
8354363011
4211388264
3235897914
7715411496
3310560577
3310560577
3425460346
7216435747
6250920324
9032141193
9032141193
5704981304
7548497834
5347480256
6241326528
1599761258
9009012488
3055710271
6631997021
4518825998
1517123502
7284999711
3723070406
9053821162
8672039783
8672039783
6102539912
6014500792
466298246
6016139221
508157986
2119028233
1690291120
8390339297
5449375084
7527732672
7621738248
4552211832
8646859760
8175364211
5620673881
4462590345
207584088
8583594152
4432135169
5488783118
4295328453
4234513463
1908956280
3636022163
2224935358
5748621925
8663103115
203174294
2134987621
2964961089
7636140057
4584528901
1438071681
7002369124
5317520415
2323167790
6042354812
7743880418
7527732672
5384846306
263432185
5366052838
1986734731
8475455663
5755392574
8108588950
6293504322
8163131619
6065713511
6065713511
7049992703
8327641864
4143612368
4143612368
3579714762
5444403876
4625629359
7968000564
5334768201
6416500037
4226560332
6550333125
5672820509
4691132714
2256262826
7284999711
2184627267
5347480256
3467324276
4208372265
8659234842
8613463745
2910458886
8613320352
3667081513
8674027846
3932894840
184396111
9034973298
8327641864
3567342049
4056232557
6280273992
4777067644
5991122433
5861331276
5421313781
4187082635
8892021551
8579037235
1038550957
1687949245
3895646791
243715209
4788056329
5581362467
42670732
8415626938
5581362467
1131145556
7359490794
7238347905
8135726160
6259784485
3976527781
6661784375
6565720074
7367933895
5620673881
1480661224
3153903883
4786046507
3921720196
3216837383
4542307775
5991122433
7426637293
1590769492
8539439757
8539439757
4192057834
8185984586
8185984586
1419519488
8300987568
8539439757
8934518099
2236117274
5672820509
8703173608
201584113
8134792319
4680577862
1622349254
8701132599
1986734731
7774284602
6770221253
2880405291
8026640040
7507990489
6945280874
8357019300
5950311227
4774609124
5528837422
7112872331
8592045017
7584108622
4021008178
8460578140
3103483184
187618358
8136966942
7743880418
187618358
7545296143
8193589871
8521088364
9064189215
7046743316
5134207562
6171334181
9053821162
7359490794
4788056329
8613320352
4779767990
1740271593
5989297895
6534501175
6169370086
1517123502
8102952393
7277218234
7062771167
9053821162
8521574557
5453049159
8576930963
5396356541
4248342612
4350186554
6814782552
8892021551
8672570086
7984414601
3405202067
5626479348
7153674249
4706888604
7961129818
4361486406
8621278415
7329008636
7329008636
5994064210
1682180907
282222473
8607765613
7553903423
7553903423
7553903423
7553903423
2224935358
5317520415
5594988443
5594988443
5594988443